ax (m/s^2), ay (m/s^2), az (m/s^2), gx (rps), gy (rps), gz (rps), temp (C)
9.96706, -0.04070, -0.19154, 0.00679, 0.01292, 0.01532, 32.72612
9.96467, -0.01915, -0.21069, 0.00480, 0.00426, 0.01479, 32.53443
9.93833, 0.00000, -0.18914, 0.00253, 0.04157, 0.01639, 32.72612
9.99579, -0.04549, -0.17957, 0.00200, 0.02425, 0.01186, 32.39066
9.99340, -0.02155, -0.14605, 0.00453, 0.02132, 0.01279, 32.72612
10.00776, -0.01437, -0.20111, 0.00067, 0.06781, 0.01785, 32.72612
9.96706, 0.00000, -0.07901, 0.00266, 0.03517, 0.01346, 32.58235
9.96706, -0.02155, -0.13647, -0.00147, 0.05489, 0.01092, 32.58235
9.96467, -0.03352, -0.15802, 0.00506, 0.02731, 0.01146, 32.72612
9.95749, -0.00958, -0.12929, 0.00320, 0.01665, 0.01079, 32.53443
9.94791, -0.02394, -0.15083, 0.00173, 0.04290, 0.01572, 32.63028
9.99340, -0.01437, -0.16759, 0.00346, 0.02638, 0.01492, 32.63028
9.98382, 0.00239, -0.17957, -0.00133, 0.05289, 0.01759, 32.58235
9.98382, -0.01437, -0.10534, 0.00266, 0.03238, 0.01705, 32.43858
9.97424, -0.03352, -0.08380, 0.00147, 0.04956, 0.01399, 32.82197
9.98861, -0.03831, -0.16759, -0.00120, 0.02252, 0.02078, 32.82197
9.95988, -0.06704, -0.00239, -0.00160, 0.02345, 0.01785, 32.63028
9.99579, -0.05267, -0.07901, -0.00320, 0.00506, 0.01359, 32.63028
10.01973, -0.00239, -0.16999, -0.00893, 0.04756, 0.00959, 32.77404
9.98382, -0.03352, -0.09816, -0.00093, 0.02491, 0.01839, 32.53443
9.95270, -0.04549, -0.10534, 0.00160, 0.02665, 0.01719, 32.53443
10.00537, 0.00239, -0.11492, 0.00160, 0.03691, 0.01612, 32.43858
9.99819, -0.02394, -0.11732, 0.00413, 0.00226, 0.01692, 32.72612
10.00058, -0.03352, -0.04788, 0.00666, 0.01679, 0.01332, 32.63028
9.98382, 0.00718, -0.12689, -0.00466, 0.04863, 0.01719, 32.63028
9.97185, -0.03831, -0.15083, 0.00799, 0.02771, 0.01412, 32.63028
9.98622, -0.04549, -0.17238, 0.00546, 0.02158, 0.01572, 32.63028
9.93833, 0.00718, -0.08859, 0.00560, 0.02678, 0.01692, 32.72612
9.99100, -0.00479, -0.10534, 0.00306, 0.03917, 0.01732, 32.72612
10.01016, -0.02873, -0.15083, 0.00506, 0.01092, 0.01679, 32.58235
10.01973, -0.03831, -0.13886, 0.00480, 0.02292, 0.01692, 32.58235
10.01255, -0.01915, -0.10774, 0.00160, 0.01839, 0.01599, 32.72612
10.01255, -0.00718, -0.13647, 0.00440, 0.03264, 0.01492, 32.72612
10.01973, -0.04070, -0.11971, 0.00360, 0.04903, 0.01346, 32.43858
9.97185, 0.00718, -0.16041, 0.00280, 0.02691, 0.01506, 32.58235
9.98143, -0.03831, -0.11013, 0.00120, 0.02292, 0.01665, 32.63028
9.99579, -0.03831, -0.18435, 0.00786, 0.05649, 0.01026, 32.58235
9.99819, -0.04549, -0.15562, 0.00293, 0.00719, 0.01252, 32.58235
9.95749, 0.00958, -0.14126, 0.00466, -0.01053, 0.01639, 32.72612
10.01255, -0.02634, -0.16041, 0.00093, 0.00879, 0.01732, 32.72612
9.97424, -0.05267, -0.21548, -0.01146, 0.03557, 0.02172, 32.39066
9.96946, -0.05267, -0.18914, -0.00240, 0.04010, 0.01466, 32.58235
9.95030, -0.03112, -0.14605, 0.00360, 0.03198, 0.01039, 32.39066
9.97424, 0.04310, -0.15802, -0.00386, 0.03051, 0.01705, 32.72612
9.97424, -0.02873, -0.18914, 0.00080, 0.02491, 0.01466, 32.72612
9.98382, -0.01197, -0.13408, 0.00360, 0.02278, 0.01332, 32.43858
10.00776, -0.03591, -0.14844, 0.00253, 0.03451, 0.01386, 32.72612
9.97664, -0.02634, -0.15323, 0.00493, 0.01772, 0.01879, 32.39066
9.95270, 0.02634, -0.13647, 0.00000, 0.04183, 0.01879, 32.58235
10.01495, 0.02873, -0.13408, 0.00719, 0.02825, 0.01292, 32.43858
9.97903, -0.04070, -0.15562, 0.00626, 0.02571, 0.01252, 32.58235
9.99340, -0.02394, -0.14605, 0.00799, 0.03837, 0.01852, 32.43858
10.01495, 0.01437, -0.08380, 0.00626, 0.03824, 0.01386, 32.72612
9.99819, -0.00958, -0.08380, 0.00413, 0.03944, 0.01252, 32.58235
9.97185, -0.03112, -0.16041, 0.00093, 0.04357, 0.01452, 32.58235
10.00297, -0.04310, -0.10774, -0.00013, 0.06009, 0.01932, 32.53443
9.97664, -0.00479, -0.14126, 0.00893, 0.02318, 0.01452, 32.63028
9.99579, -0.01437, -0.09816, 0.00440, 0.01852, 0.01013, 32.43858
10.00537, -0.02394, -0.12210, 0.00786, 0.03984, 0.01679, 32.58235
9.98622, 0.00718, -0.05746, 0.00440, 0.03837, 0.01279, 32.24690
10.01973, -0.04788, -0.13647, 0.00719, 0.04863, 0.02571, 32.63028
10.00537, -0.01676, -0.05267, 0.00133, 0.03691, 0.01625, 32.72612
9.98622, -0.03112, -0.01676, 0.00440, 0.02598, 0.01932, 32.58235
10.00776, -0.06464, -0.07183, 0.00799, 0.05036, 0.00413, 32.63028
10.04368, -0.01676, -0.10056, 0.00666, 0.02012, 0.02185, 32.58235
10.01016, -0.00239, -0.09098, 0.00520, 0.01945, 0.01705, 32.53443
9.96946, -0.03352, -0.05028, 0.00586, 0.04210, 0.00893, 32.43858
9.98622, -0.00239, -0.10056, -0.00093, -0.00040, 0.01932, 32.39066
9.98143, -0.01915, -0.08140, -0.00333, 0.04317, 0.02558, 32.53443
9.98861, 0.01676, -0.05028, -0.00080, 0.05995, 0.02438, 32.58235
10.00537, -0.02873, -0.13886, 0.01292, 0.02318, 0.02118, 32.58235
9.98622, -0.03831, 0.00479, 0.00440, 0.00027, 0.01865, 32.29482
10.01495, -0.04310, -0.19872, 0.00053, 0.03810, 0.01945, 32.72612
10.02692, -0.00479, -0.05746, 0.01519, 0.05596, 0.02052, 32.63028
9.99340, -0.03831, -0.03831, 0.01186, 0.03797, 0.01399, 32.39066
9.92397, -0.05028, -0.05746, 0.00266, 0.03011, 0.01346, 32.72612
10.01255, -0.02394, -0.05028, -0.00679, 0.00773, 0.01612, 32.72612
10.03170, -0.02634, -0.05028, 0.00080, 0.05942, 0.01652, 32.58235
10.01255, -0.02634, -0.09816, 0.00120, 0.01013, 0.01985, 32.53443
10.00297, -0.03112, -0.03831, 0.00080, 0.04543, 0.02145, 32.29482
9.96946, -0.05986, -0.07901, 0.00759, 0.02491, 0.02132, 32.72612
9.99340, -0.02634, -0.05267, 0.00093, 0.05263, 0.01652, 32.63028
9.98143, -0.02155, -0.04788, -0.00053, 0.06742, 0.01839, 32.72612
9.97424, -0.03831, -0.03831, 0.00679, 0.00493, 0.01745, 32.63028
9.97664, -0.03591, 0.00958, 0.00360, 0.00107, 0.01879, 32.58235
9.99100, -0.02634, -0.06225, -0.00027, 0.01252, 0.01532, 32.39066
10.01734, -0.02873, 0.02634, 0.00240, 0.01972, 0.01865, 32.39066
9.97424, -0.02155, -0.07422, 0.00453, 0.04237, 0.01439, 32.53443
10.03649, -0.04549, -0.05507, 0.00240, 0.04703, 0.01812, 32.63028
9.96706, -0.04788, -0.04549, -0.00093, 0.04343, 0.02398, 32.72612
9.98382, -0.05746, 0.03352, 0.00919, 0.01159, 0.02292, 32.72612
10.02452, -0.05267, -0.04070, 0.00799, 0.03757, 0.01612, 32.72612
9.98382, -0.06464, -0.06704, 0.00373, -0.00360, 0.02092, 32.63028
9.98622, -0.05028, 0.00239, 0.00240, -0.00120, 0.01559, 32.58235
9.98861, -0.03831, -0.03352, -0.00640, 0.01159, 0.01159, 32.58235
9.99819, -0.05028, -0.05507, 0.00413, 0.00879, 0.01452, 32.58235
9.96946, -0.05507, -0.00239, 0.00373, 0.02598, 0.01932, 32.72612
9.99819, -0.03831, -0.04549, 0.00426, 0.01559, 0.01852, 32.72612
10.00297, -0.04310, -0.00239, 0.00573, 0.02745, 0.01745, 32.53443
9.97664, -0.05028, -0.01676, 0.00107, 0.02571, 0.01972, 32.43858
9.98143, -0.00239, -0.02634, -0.00346, 0.02305, 0.00973, 32.72612
10.00058, -0.07422, 0.08380, -0.00080, 0.01892, 0.01639, 32.72612
9.99100, -0.04070, -0.02873, 0.01172, 0.03770, 0.01332, 32.72612
10.02452, -0.09098, -0.06704, 0.00626, 0.04530, 0.01239, 32.58235
10.01973, -0.08380, -0.06943, 0.00253, 0.06062, 0.01519, 32.72612
9.97185, -0.04070, 0.05267, 0.00200, 0.04437, 0.01332, 32.58235
9.99579, -0.05267, 0.01915, 0.00653, 0.03224, 0.01239, 32.72612
10.01016, -0.02394, 0.00000, 0.00520, 0.00933, 0.02238, 32.58235
10.00537, -0.04310, 0.00958, 0.00293, 0.03251, 0.01053, 32.58235
10.04846, -0.04788, -0.00479, 0.00333, 0.05942, 0.01639, 32.43858
10.00297, -0.01437, 0.01676, 0.01466, 0.05116, 0.01572, 32.72612
9.98622, -0.04788, -0.06704, 0.00480, 0.01426, 0.01599, 32.58235
10.00297, -0.04549, -0.07661, -0.00187, -0.00107, 0.01799, 32.58235
10.01016, -0.00239, -0.07422, 0.00067, 0.03224, 0.01146, 32.72612
10.01495, -0.04549, 0.01437, 0.00573, 0.01119, 0.01479, 32.72612
10.02213, -0.07422, -0.03591, 0.01412, 0.02851, 0.01119, 32.72612
10.02452, -0.07661, 0.01915, 0.01026, 0.02305, 0.01106, 32.58235
9.98861, -0.04549, 0.00000, 0.00293, 0.03397, 0.01532, 32.39066
9.98622, -0.05267, -0.08619, 0.00413, 0.04703, 0.01226, 32.43858
10.03410, -0.05746, -0.05986, 0.00653, 0.01852, 0.01452, 32.58235
9.97903, -0.04070, -0.01676, 0.00786, -0.03184, 0.01332, 32.58235
9.99100, -0.02873, -0.03831, 0.00600, 0.02998, 0.01719, 32.63028
9.95270, -0.04310, 0.00239, 0.00493, 0.00946, 0.01199, 32.58235
9.90960, -0.04070, 0.00718, 0.00147, 0.00626, 0.00999, 32.43858
10.01734, -0.08380, -0.01676, 0.01319, 0.04996, 0.01053, 32.63028
10.00537, -0.02634, -0.05986, 0.00386, 0.04037, 0.01199, 32.72612
10.02213, -0.04310, -0.04549, 0.00613, 0.02771, 0.01825, 32.43858
10.02692, -0.07661, -0.03352, 0.00986, 0.04636, 0.01039, 32.43858
9.98382, -0.05507, 0.00958, -0.00013, 0.02292, 0.01532, 32.72612
9.96467, -0.00239, -0.01437, 0.00253, 0.03810, 0.01266, 32.72612
9.97903, -0.05267, -0.05267, 0.00573, 0.00759, 0.02065, 32.72612
10.00297, -0.05507, -0.18675, 0.00040, 0.03890, 0.01279, 32.39066
10.00058, -0.00958, -0.02634, 0.00160, 0.01519, 0.02238, 32.72612
9.96227, -0.02634, -0.04070, 0.01212, 0.04557, 0.01532, 32.53443
9.98861, -0.00718, -0.03112, -0.00480, 0.00786, 0.01785, 32.63028
9.96706, -0.00958, 0.02155, 0.00613, 0.01919, 0.01652, 32.72612
9.96706, -0.06704, 0.00958, 0.00147, 0.02278, 0.01332, 32.58235
9.97664, -0.05267, -0.05028, 0.00453, 0.02545, 0.01506, 32.43858
10.01016, -0.09577, -0.03591, 0.00013, 0.02318, 0.01599, 32.72612
9.97185, 0.00239, -0.07183, 0.00000, 0.02358, 0.01945, 32.58235
9.96706, 0.02394, -0.06464, -0.00040, 0.02185, 0.01905, 32.63028
10.00776, -0.02155, -0.04310, -0.00280, 0.00906, 0.01799, 32.39066
9.97664, -0.03831, -0.06704, 0.00120, 0.01266, 0.01519, 32.39066
9.99819, -0.05267, -0.02155, -0.00093, 0.00693, 0.01159, 32.72612
9.97664, -0.03591, -0.05507, 0.00120, 0.05103, 0.01506, 32.72612
9.99579, -0.03591, -0.11732, 0.00280, 0.00999, 0.01652, 32.58235
9.99340, -0.03591, -0.11013, 0.00240, 0.02811, 0.01652, 32.58235
10.00537, 0.00239, -0.11013, 0.00613, 0.02265, 0.01252, 32.72612
10.05804, -0.02394, -0.14605, 0.00546, 0.03624, 0.01452, 32.63028
10.00537, -0.04788, -0.15562, 0.00093, 0.02305, 0.01972, 32.58235
9.99100, -0.04549, -0.10774, 0.00440, 0.02332, 0.01479, 32.82197
10.00537, -0.03112, -0.16281, 0.00533, 0.02904, 0.01785, 32.58235
10.01973, -0.03112, -0.18675, 0.00573, 0.04303, 0.01705, 32.63028
10.00776, -0.02155, -0.17478, 0.00280, 0.04503, 0.01772, 32.58235
10.04128, -0.08859, -0.16041, 0.00679, 0.03824, 0.01212, 32.72612
9.97185, -0.05986, -0.01915, 0.00293, 0.00919, 0.01825, 32.72612
10.01255, -0.04549, -0.11253, 0.00320, 0.02465, 0.02025, 32.63028
10.00058, -0.03831, -0.14365, 0.00480, 0.02478, 0.01785, 32.72612
9.98622, -0.02634, -0.13647, 0.00586, 0.03557, 0.01412, 32.72612
10.00776, -0.04070, -0.05267, -0.00386, 0.00626, 0.01732, 32.58235
9.96946, -0.06464, -0.15562, -0.00173, 0.00160, 0.01386, 32.63028
9.96706, -0.05028, -0.09337, -0.00013, -0.00480, 0.01719, 32.82197
10.00058, -0.02155, -0.15083, 0.00173, 0.01506, 0.01426, 32.58235
9.98143, -0.02394, -0.15562, 0.00333, 0.00187, 0.01426, 32.72612
10.01495, -0.04310, -0.13168, 0.00546, 0.01426, 0.01572, 32.39066
9.99100, -0.07183, -0.15802, -0.00333, 0.01346, 0.01905, 32.72612
9.98861, -0.03352, -0.18675, 0.00333, 0.03437, 0.01665, 32.58235
9.97664, -0.04788, -0.17717, 0.00426, 0.02038, 0.02052, 32.58235
9.99819, -0.08140, -0.15802, 0.00107, 0.01092, 0.01772, 32.72612
10.03170, -0.09337, -0.13408, 0.01306, 0.03957, 0.01199, 32.43858
9.97424, -0.06704, -0.13886, 0.00413, 0.01386, 0.02038, 32.63028
9.98622, -0.02873, -0.15802, 0.01119, 0.02238, 0.01785, 32.63028
10.00058, 0.01437, -0.16759, 0.00466, 0.03437, 0.01612, 32.72612
10.03410, -0.05507, -0.17238, 0.00493, 0.02745, 0.01186, 32.82197
10.01495, -0.04788, -0.26336, 0.00333, 0.02118, 0.01412, 32.43858
9.95509, -0.06943, -0.16999, -0.00067, 0.00573, 0.01106, 32.72612
9.99100, -0.02873, -0.17478, 0.00213, -0.00240, 0.00853, 32.58235
10.01734, -0.05746, -0.17957, 0.00879, 0.00120, 0.00999, 32.43858
10.01734, -0.04310, -0.15083, 0.00693, 0.01399, 0.01212, 32.58235
9.97185, -0.04070, -0.13168, 0.01998, 0.03824, 0.01346, 32.58235
10.06522, -0.06704, -0.15802, 0.01932, 0.05329, 0.01492, 32.39066
9.99100, -0.06464, -0.22027, -0.00320, 0.02558, 0.01519, 32.58235
10.01973, -0.05507, -0.22505, -0.00040, 0.03211, 0.01892, 32.91781
10.01255, -0.05267, -0.19154, -0.00027, 0.01825, 0.00839, 32.63028
9.97664, -0.03352, -0.23463, 0.01026, 0.01426, 0.00546, 32.72612
9.99579, -0.04549, -0.17717, -0.00027, 0.01386, 0.01545, 32.39066
9.98861, 0.01915, -0.15562, 0.00346, 0.04037, 0.01359, 32.58235
9.97903, -0.05028, -0.18675, -0.00719, 0.01466, 0.01679, 32.63028
9.96706, -0.02394, -0.21308, -0.00306, 0.01172, 0.01785, 32.72612
10.00776, 0.00239, -0.22505, -0.00253, 0.03651, 0.02425, 32.82197
9.97424, -0.02634, -0.20830, 0.00666, 0.03890, 0.01252, 32.72612
9.98382, -0.07901, -0.13168, 0.00173, 0.04277, 0.02065, 32.72612
10.05804, -0.01676, -0.24421, 0.00919, 0.03264, 0.02012, 32.43858
9.99340, -0.05028, -0.15323, -0.00280, 0.03224, 0.01772, 32.63028
9.99100, -0.01676, -0.24900, -0.00879, 0.01359, 0.01972, 32.58235
9.94791, -0.06464, -0.14605, 0.00053, 0.01239, 0.01212, 32.72612
9.97903, -0.00239, -0.16041, 0.00480, 0.03517, 0.01732, 32.53443
9.99340, -0.02873, -0.18196, 0.00173, 0.01719, 0.01865, 32.63028
9.97664, -0.03591, -0.19154, -0.00333, 0.03837, 0.01998, 32.82197
10.00537, -0.04788, -0.21308, 0.00466, 0.04237, 0.01839, 32.58235
9.97424, -0.02634, -0.19393, 0.00759, 0.00826, 0.00693, 32.39066
9.98143, -0.01197, -0.13886, -0.00133, 0.01146, 0.01625, 32.77404
10.01255, -0.01437, -0.20590, 0.00107, 0.02851, 0.02638, 32.53443
10.00776, -0.03591, -0.20590, -0.00093, 0.02691, 0.01639, 32.43858
9.96467, -0.04310, -0.26097, 0.00466, 0.01772, 0.01053, 32.43858
9.95030, -0.02634, -0.19872, 0.00093, 0.02385, 0.01332, 32.58235
9.94791, -0.00958, -0.15562, -0.00373, 0.03517, 0.01492, 32.63028
9.96706, -0.06464, -0.19632, 0.00946, 0.02065, 0.01426, 32.63028
10.00537, -0.10056, -0.20590, 0.00946, 0.01599, 0.00986, 32.77404
9.98143, -0.07183, -0.22266, 0.00626, 0.02225, 0.01625, 32.43858
10.00537, -0.03591, -0.24660, 0.00746, 0.06142, 0.01852, 32.58235
10.00776, -0.02634, -0.24421, 0.00053, -0.00200, 0.01692, 32.58235
9.99100, -0.00479, -0.22745, -0.00147, 0.01892, 0.02052, 32.39066
10.03410, 0.00239, -0.22505, 0.00533, 0.04117, 0.02531, 32.58235
9.94791, -0.01676, -0.14844, -0.00053, 0.02105, 0.01039, 32.63028
10.00058, -0.00958, -0.17478, 0.00453, 0.03704, 0.01119, 32.58235
9.96946, -0.03112, -0.22027, 0.00640, 0.02292, 0.01372, 32.63028
9.98143, -0.00239, -0.18914, 0.00400, 0.02891, 0.01212, 32.72612
9.99819, -0.03352, -0.22266, 0.00666, 0.03704, 0.01386, 32.72612
10.00776, -0.00958, -0.20590, 0.00573, 0.01945, 0.01186, 32.82197
10.02692, -0.04788, -0.23942, -0.00160, 0.02358, 0.01545, 32.63028
9.93594, -0.03112, -0.21308, 0.00586, 0.04916, 0.01825, 32.63028
9.99819, -0.00958, -0.22505, -0.00266, 0.03238, 0.02025, 32.58235
9.96467, -0.03591, -0.31364, 0.00213, 0.04157, 0.01132, 32.77404
9.99340, -0.02634, -0.24181, 0.00293, 0.02132, 0.01452, 32.43858
9.97903, -0.07901, -0.26815, -0.00187, 0.03304, 0.01825, 32.58235
10.00537, -0.04070, -0.28012, 0.00147, 0.04876, 0.01865, 32.58235
10.02452, -0.03352, -0.20111, 0.00333, 0.01985, 0.01266, 32.53443
10.01495, -0.01437, -0.24900, -0.00120, 0.02025, 0.01119, 32.58235
10.02931, -0.05746, -0.22266, 0.00693, 0.03238, 0.01359, 32.58235
10.02213, -0.07183, -0.20590, 0.00120, 0.03158, 0.02598, 32.63028
9.99819, -0.02873, -0.25618, 0.00360, 0.04370, 0.02318, 32.77404
10.01495, -0.01676, -0.24900, -0.00386, 0.01879, 0.01665, 32.58235
9.97903, -0.03352, -0.20830, -0.00133, 0.02904, 0.02092, 32.72612
9.97185, -0.04788, -0.22266, -0.00107, 0.01692, 0.01079, 32.72612
9.96706, -0.04549, -0.20830, 0.00640, 0.01545, 0.01359, 32.72612
9.98861, -0.04549, -0.23463, 0.00253, 0.03677, 0.01439, 32.72612
9.95988, -0.04070, -0.22505, 0.00400, 0.01879, 0.01466, 32.72612
10.01016, -0.02873, -0.21548, -0.00520, 0.02625, 0.01705, 32.82197
10.01973, -0.02873, -0.25139, 0.00373, 0.01492, 0.00693, 32.77404
10.00776, -0.04788, -0.25379, 0.00400, 0.03970, 0.01839, 32.72612
9.96467, -0.00958, -0.24181, 0.00147, 0.01026, 0.01212, 32.72612
9.94791, -0.04070, -0.23703, -0.00306, -0.00426, 0.01545, 32.53443
10.02452, -0.04310, -0.33279, 0.00093, 0.01665, 0.01106, 32.72612
9.95509, -0.03591, -0.26815, 0.00413, 0.01652, 0.00573, 32.58235
9.94073, -0.06704, -0.30167, 0.00506, 0.02292, 0.01239, 32.58235
9.98861, -0.01676, -0.25618, 0.00493, 0.04397, 0.02958, 32.58235
9.99579, -0.02394, -0.29209, 0.00466, 0.02145, 0.01612, 32.72612
9.96467, -0.05507, -0.25379, 0.00640, 0.00799, 0.00666, 32.72612
9.97903, -0.03112, -0.26815, 0.00600, 0.01719, 0.01372, 32.77404
9.99819, -0.05267, -0.28970, 0.00173, 0.03357, 0.01159, 32.63028
9.98622, -0.06704, -0.30406, 0.00746, 0.04370, 0.01825, 32.43858
9.97903, 0.01915, -0.25857, 0.00226, 0.00799, 0.01466, 32.72612
9.96946, -0.03352, -0.25857, -0.00253, 0.01199, 0.01719, 32.58235
9.98622, 0.00239, -0.28491, 0.00679, 0.03584, 0.02145, 32.72612
9.99579, -0.05028, -0.32322, -0.00013, 0.03797, 0.01572, 32.72612
9.98382, -0.02394, -0.22027, 0.00360, -0.00346, 0.01585, 32.58235
9.95030, -0.03831, -0.32082, 0.00213, 0.05609, 0.01346, 32.72612
9.98143, -0.03831, -0.28252, -0.00053, 0.02078, 0.01452, 32.63028
9.93594, -0.05507, -0.25379, 0.00733, 0.00027, 0.01572, 32.58235
9.96467, -0.00239, -0.27533, 0.00053, 0.05343, 0.01346, 32.72612
9.97424, -0.03591, -0.36871, 0.00360, 0.02278, 0.01399, 32.58235
9.99340, -0.04070, -0.22027, 0.00107, 0.02438, 0.01452, 32.72612
9.99100, -0.00479, -0.25379, 0.00653, 0.03904, 0.01799, 32.63028
9.99100, -0.03591, -0.30406, 0.01092, 0.02518, 0.01399, 32.72612
9.98143, -0.01676, -0.33758, -0.00759, 0.01572, 0.01759, 32.91781
9.97424, -0.02873, -0.21548, 0.00386, 0.04970, 0.01665, 32.72612
9.97424, -0.03112, -0.29688, 0.00386, 0.03064, 0.01825, 32.53443
10.00297, 0.00479, -0.27773, 0.01252, 0.04890, 0.01466, 32.63028
10.00297, -0.03112, -0.27054, 0.00613, 0.02598, 0.01359, 32.72612
9.95509, -0.07661, -0.26097, 0.00360, 0.02145, 0.01932, 32.77404
9.99340, 0.01197, -0.25857, -0.00133, 0.03038, 0.02172, 32.72612
9.97903, 0.00958, -0.29209, 0.00480, 0.00160, 0.01172, 32.53443
9.97424, -0.03352, -0.32801, 0.00013, 0.01279, 0.01585, 32.72612
9.96946, 0.01437, -0.28970, 0.00400, 0.01572, 0.01212, 32.72612
9.98861, -0.04549, -0.28012, 0.00600, 0.00200, 0.01439, 32.63028
9.99100, 0.00958, -0.30646, -0.00360, 0.01759, 0.02531, 32.58235
10.02452, -0.00958, -0.33519, 0.00253, 0.04370, 0.02158, 32.58235
9.98861, -0.04549, -0.26336, -0.00360, 0.00999, 0.00653, 32.63028
9.97903, -0.00958, -0.24660, -0.00107, 0.02185, 0.01372, 32.58235
9.97664, -0.06704, -0.37110, 0.00200, 0.01692, 0.00946, 32.77404
9.98143, 0.00239, -0.29688, 0.00653, 0.00293, 0.01572, 32.58235
9.94791, -0.00239, -0.26336, 0.00693, 0.02438, 0.01159, 32.72612
9.98861, -0.00239, -0.29928, -0.00027, 0.03024, 0.01332, 32.77404
9.99819, -0.04788, -0.29928, -0.00093, -0.00746, 0.01359, 32.43858
10.00776, -0.00239, -0.25618, 0.00093, 0.02332, 0.01585, 32.53443
9.96946, -0.00479, -0.21069, -0.00426, 0.02225, 0.02172, 32.58235
9.99819, 0.02155, -0.23224, 0.00320, 0.02891, 0.02238, 32.72612
9.96946, -0.02394, -0.32801, -0.00426, 0.02185, 0.01132, 32.58235
9.97664, -0.02155, -0.30885, -0.00240, 0.04130, 0.02531, 32.72612
10.01973, -0.01437, -0.21787, 0.00506, 0.01132, 0.01386, 32.63028
9.97424, -0.03112, -0.16041, 0.00000, 0.02531, 0.01852, 32.58235
9.95749, -0.05267, -0.24181, 0.00013, 0.01839, 0.01545, 32.63028
9.98861, -0.00718, -0.19393, 0.00013, 0.03038, 0.01452, 32.58235
9.96946, -0.00479, -0.30885, -0.00533, 0.01492, 0.01625, 32.39066
9.99100, -0.00958, -0.35195, 0.00933, 0.01958, 0.01599, 32.72612
9.98861, 0.00000, -0.25857, 0.00093, -0.01732, 0.01439, 32.77404
9.96706, 0.00239, -0.22266, 0.00280, 0.00693, 0.01639, 32.91781
9.98622, -0.03352, -0.23942, -0.00280, 0.05369, 0.01932, 32.53443
9.97903, -0.01197, -0.28252, 0.00120, 0.00360, 0.01759, 32.63028
10.00297, -0.05746, -0.29449, 0.00600, 0.03024, 0.01519, 32.58235
9.98622, -0.01676, -0.27054, 0.00666, -0.00173, 0.01785, 32.72612
9.94551, -0.06225, -0.25139, -0.00293, 0.02838, 0.01852, 32.24690
10.00058, 0.00958, -0.25139, 0.00173, 0.04250, 0.01879, 32.63028
9.98622, -0.00958, -0.21548, 0.00133, 0.02065, 0.01492, 32.72612
9.99819, -0.04310, -0.25379, 0.00453, 0.01506, 0.00613, 32.91781
9.98143, -0.02394, -0.22027, 0.00879, 0.03491, 0.01785, 32.72612
10.04128, -0.01437, -0.27054, 0.00306, 0.03824, 0.02092, 32.58235
10.01734, -0.05986, -0.25857, 0.00040, 0.04903, 0.01332, 32.58235
9.99340, -0.00958, -0.25618, 0.00373, 0.04423, 0.01932, 32.53443
9.95749, -0.03831, -0.25857, -0.00226, 0.01985, 0.01386, 32.82197
9.99579, -0.03112, -0.26576, -0.00346, 0.00293, 0.02318, 32.58235
9.95749, -0.04788, -0.26336, 0.00200, 0.04037, 0.01519, 32.91781
10.01016, 0.01676, -0.28730, 0.00613, 0.02411, 0.01759, 32.63028
9.95509, -0.02634, -0.18914, 0.00120, 0.00959, 0.01705, 32.63028
9.98861, 0.00958, -0.30646, 0.00346, 0.02705, 0.01732, 32.72612
9.95749, -0.01915, -0.26097, 0.00413, 0.04543, 0.01545, 32.63028
10.00058, -0.02634, -0.27294, 0.00546, 0.01839, 0.01745, 32.72612
9.94551, 0.00239, -0.27294, 0.00493, 0.02491, 0.01759, 32.58235
10.00537, -0.00958, -0.28730, 0.00107, 0.01146, 0.01639, 32.72612
9.95988, -0.01676, -0.31603, -0.00173, 0.03371, 0.01785, 32.58235
9.95749, -0.00239, -0.24900, 0.00453, 0.04570, 0.01985, 32.72612
9.98861, -0.04788, -0.26336, 0.00506, 0.04636, 0.01279, 32.53443
9.98622, -0.01437, -0.17957, -0.00040, 0.02625, 0.01905, 32.58235
10.02213, -0.02155, -0.21308, 0.00320, 0.04703, 0.01452, 32.72612
9.97185, -0.01915, -0.27294, 0.00200, -0.00173, 0.01759, 32.58235
9.94073, -0.05507, -0.18675, 0.00133, -0.00266, 0.01705, 32.53443
9.97903, -0.02155, -0.22984, 0.00293, 0.04703, 0.01412, 32.72612
9.98861, -0.02394, -0.21308, 0.00080, 0.02198, 0.01972, 32.63028
9.97664, 0.00958, -0.18435, 0.00133, 0.02105, 0.01346, 32.72612
9.96946, -0.02155, -0.27294, -0.00053, 0.00666, 0.01692, 32.58235
9.96227, -0.03112, -0.32322, 0.00067, 0.04796, 0.01226, 32.91781
10.01495, -0.05986, -0.24660, 0.00080, 0.03970, 0.01772, 32.72612
9.97424, -0.04310, -0.27533, 0.00560, 0.03584, 0.01372, 32.72612
9.98861, -0.02155, -0.19872, 0.00413, -0.00546, 0.01612, 32.82197
9.97664, -0.03831, -0.13168, 0.00600, 0.01998, 0.01799, 32.63028
10.00537, -0.01197, -0.36871, 0.00067, 0.04157, 0.01839, 32.72612
10.00058, 0.00479, -0.28730, 0.00893, 0.01332, 0.01625, 32.72612
9.95988, -0.04070, -0.27054, 0.00546, 0.00679, 0.01799, 32.72612
9.98622, -0.01437, -0.21308, 0.00306, -0.00533, 0.01719, 32.77404
9.98861, -0.04310, -0.27773, 0.00786, 0.02598, 0.01466, 33.06158
9.97903, -0.06225, -0.27533, 0.00426, 0.03704, 0.01839, 32.72612
9.98143, -0.01676, -0.22266, 0.00187, 0.04143, 0.01625, 32.77404
9.95988, -0.01676, -0.28970, 0.00546, 0.04077, 0.01199, 32.63028
9.92636, 0.03352, -0.24181, 0.00240, 0.04557, 0.01572, 32.72612
9.98143, -0.04788, -0.24421, -0.00093, 0.03011, 0.01412, 32.72612
9.98861, -0.06464, -0.33279, 0.00226, 0.04450, 0.02025, 32.58235
9.98861, 0.00479, -0.18196, 0.00546, 0.04104, 0.01346, 32.58235
9.98382, -0.01676, -0.29688, 0.00187, 0.02265, 0.01585, 32.72612
9.98143, -0.03112, -0.21787, 0.00200, 0.01079, 0.01652, 32.58235
10.01255, -0.05986, -0.28012, 0.00506, 0.02372, 0.01625, 32.82197
9.96467, -0.01676, -0.27533, 0.00453, 0.01092, 0.01612, 32.72612
9.99340, -0.02394, -0.26815, 0.00027, 0.01106, 0.01412, 32.58235
9.96227, -0.03831, -0.26815, -0.00107, 0.01266, 0.01492, 33.06158
9.94791, -0.01197, -0.26097, 0.00280, 0.04437, 0.01692, 32.82197
9.98622, -0.03112, -0.28491, 0.00613, 0.05129, 0.01092, 32.72612
10.03410, -0.01437, -0.28012, 0.00560, 0.02372, 0.01412, 32.53443
10.00776, -0.01197, -0.28730, 0.00493, 0.00413, 0.01532, 32.72612
9.98861, -0.04070, -0.25857, 0.01665, 0.02705, 0.01319, 32.91781
9.95749, -0.00479, -0.24421, 0.00200, 0.03730, 0.01545, 32.82197
10.00537, 0.00000, -0.25618, 0.00346, -0.00053, 0.01639, 32.58235
10.04368, -0.00239, -0.34955, -0.00933, 0.03930, 0.01532, 32.72612
9.97903, -0.04549, -0.27054, 0.00160, 0.01532, 0.01772, 32.82197
10.02452, 0.01437, -0.32322, 0.00266, 0.02918, 0.01705, 32.63028
9.95509, -0.01915, -0.29688, 0.00200, 0.02318, 0.01412, 32.58235
9.97903, 0.00718, -0.24660, 0.00573, 0.02265, 0.01359, 32.63028
9.98143, -0.03352, -0.26097, 0.00560, 0.05023, 0.01545, 32.72612
9.96467, 0.02873, -0.18675, 0.00333, 0.02691, 0.01506, 32.72612
10.00776, -0.06464, -0.30646, 0.00120, 0.01492, 0.01452, 32.72612
9.97185, -0.06704, -0.27294, 0.00653, 0.05223, 0.01945, 32.53443
10.01255, -0.00718, -0.23942, 0.00240, 0.02198, 0.01319, 32.72612
9.97185, -0.01915, -0.29209, 0.00333, 0.03198, 0.01545, 32.58235
9.95988, -0.01197, -0.23942, 0.00093, 0.02012, 0.01745, 32.63028
9.99579, -0.03352, -0.19632, -0.00306, 0.03291, 0.01639, 32.72612
9.96946, -0.02873, -0.25857, 0.00386, 0.04636, 0.01532, 32.63028
9.98861, 0.00479, -0.30646, 0.00333, 0.00040, 0.01865, 32.39066
9.98143, -0.02155, -0.27294, 0.00346, 0.03837, 0.01519, 32.63028
9.97903, 0.00718, -0.24421, 0.00360, 0.02212, 0.01759, 32.91781
9.98622, -0.04070, -0.30167, 0.00640, 0.02531, 0.01719, 32.58235
9.97664, -0.08140, -0.30167, -0.00120, 0.01132, 0.01732, 32.72612
9.97424, -0.00479, -0.27533, 0.00213, 0.03730, 0.01386, 32.58235
10.00297, -0.01915, -0.27533, 0.00453, 0.00053, 0.01825, 32.53443
9.98861, -0.03352, -0.23703, 0.00346, 0.00320, 0.01532, 32.77404
9.97185, -0.00239, -0.35674, 0.00413, 0.07181, 0.01506, 32.82197
9.99100, -0.03352, -0.31843, 0.00533, 0.00000, 0.02092, 32.72612
9.97903, -0.01676, -0.30406, 0.00506, 0.04423, 0.01426, 32.82197
10.01016, -0.01437, -0.30406, 0.00973, 0.04303, 0.02012, 32.91781
9.98861, -0.00479, -0.35195, 0.00400, 0.02705, 0.01399, 32.77404
10.00058, -0.03112, -0.31603, 0.00706, 0.02638, 0.01479, 32.77404
9.99100, -0.06704, -0.26576, 0.00266, 0.02185, 0.01745, 32.72612
10.00776, -0.04788, -0.32322, 0.00160, 0.01479, 0.01919, 33.06158
9.97424, -0.03112, -0.27533, 0.00693, 0.03104, 0.01266, 32.82197
10.01734, 0.04070, -0.32082, 0.00147, 0.02718, 0.01545, 32.63028
10.00058, -0.05028, -0.31364, -0.00107, 0.01013, 0.01439, 32.72612
9.98861, -0.05028, -0.33279, 0.00173, 0.01892, 0.01479, 32.43858
9.99340, -0.02634, -0.30885, 0.00107, 0.02611, 0.01466, 32.58235
9.98861, -0.03112, -0.21069, 0.00333, -0.00666, 0.01625, 32.82197
9.99579, -0.04070, -0.36392, -0.00080, 0.06275, 0.01426, 32.63028
9.98622, 0.00479, -0.27294, 0.00253, 0.01053, 0.01492, 32.72612
9.94312, -0.00718, -0.25618, 0.00120, -0.00013, 0.01652, 32.82197
