ax (m/s^2), ay (m/s^2), az (m/s^2), gx (rps), gy (rps), gz (rps), temp (C)
0.32561, 9.81862, -0.05507, 0.05502, 0.06915, 0.01479, 32.10312
0.35434, 9.81862, -0.16041, 0.00293, 0.04676, 0.00533, 32.24690
0.32801, 9.80665, -0.09577, -0.00679, 0.03744, 0.00253, 32.10312
0.30167, 9.78031, -0.11971, 0.08380, 0.03864, 0.02731, 32.29482
0.32561, 9.83299, -0.05986, 0.01945, 0.02931, 0.01745, 32.39066
0.49799, 9.78031, -0.37828, 0.08034, 0.02598, -0.01372, 31.91143
0.29928, 9.79707, -0.14126, -0.04130, 0.02625, 0.00666, 32.39066
0.35434, 9.80426, -0.06225, 0.04943, 0.03304, 0.03251, 32.43858
0.34716, 9.81144, -0.16041, 0.01865, 0.02958, 0.02265, 32.10312
0.33758, 9.78031, -0.09577, -0.00240, 0.03557, 0.01239, 32.39066
0.33040, 9.82341, -0.18196, 0.00520, 0.03677, 0.01759, 32.10312
0.32322, 9.81623, -0.11253, 0.02891, 0.04996, 0.02465, 32.19897
0.31125, 9.84735, -0.14844, -0.00533, 0.02971, 0.00986, 32.24690
0.34237, 9.83778, -0.12210, 0.01479, 0.03051, 0.02265, 32.24690
0.28970, 9.79229, -0.01197, 0.05036, 0.04636, 0.03384, 32.24690
0.32322, 9.83778, -0.15083, -0.03597, 0.02864, 0.01479, 32.29482
0.28012, 9.81144, -0.03591, 0.00586, 0.02198, 0.02984, 32.19897
0.32322, 9.82580, -0.08140, 0.02358, 0.02638, 0.02225, 32.10312
0.32561, 9.83059, -0.11492, 0.05409, 0.02811, 0.03531, 32.24690
0.28012, 9.87369, -0.04310, -0.00666, 0.02811, 0.01945, 32.39066
0.34477, 9.81144, -0.15083, 0.00813, 0.02292, 0.01452, 32.19897
0.30885, 9.83778, -0.12689, 0.02545, 0.02705, 0.02505, 32.29482
0.26097, 9.77553, -0.12210, -0.03064, 0.01905, 0.00853, 32.29482
0.33279, 9.82820, -0.11732, 0.01785, 0.02518, 0.02918, 32.24690
0.28970, 9.80186, -0.14605, -0.01106, 0.02372, 0.01759, 31.91143
0.33519, 9.81862, -0.09816, -0.04024, 0.01466, 0.00187, 32.05520
0.33519, 9.83299, -0.08619, -0.00373, 0.03091, 0.01679, 32.29482
0.29449, 9.79707, -0.10295, -0.00466, 0.02891, 0.01945, 32.24690
0.28970, 9.80186, -0.04788, 0.02691, 0.02571, 0.01998, 32.24690
0.33519, 9.79468, -0.00479, 0.02545, 0.03277, 0.01812, 32.05520
0.30406, 9.79947, -0.01437, 0.01053, 0.02811, 0.01412, 32.24690
0.33279, 9.81383, -0.09098, -0.00400, 0.02878, 0.01785, 32.29482
0.29928, 9.81383, -0.11732, 0.01452, 0.02878, 0.02292, 32.24690
0.33998, 9.82102, -0.05986, 0.00786, 0.02198, 0.01439, 32.10312
0.31603, 9.83778, -0.08619, -0.01066, 0.03198, 0.01972, 32.29482
0.32082, 9.81862, -0.13886, -0.00173, 0.02785, 0.02145, 32.10312
0.28252, 9.80665, -0.17957, 0.03211, 0.02451, 0.02238, 32.53443
0.33758, 9.82102, -0.15083, -0.00440, 0.02451, 0.01759, 32.24690
0.31843, 9.79707, -0.10056, -0.00373, 0.02238, 0.02078, 32.29482
0.36871, 9.82820, -0.07183, -0.00946, 0.01652, 0.00799, 32.19897
0.29688, 9.80665, -0.03352, 0.01625, 0.02838, 0.01799, 32.24690
0.29209, 9.81383, -0.09816, -0.00266, 0.01839, 0.01092, 32.24690
0.32561, 9.82580, -0.08380, -0.00053, 0.02252, 0.01745, 32.24690
0.28012, 9.80665, -0.21069, 0.01572, 0.02998, 0.02078, 32.19897
0.29688, 9.80665, -0.08859, -0.00719, 0.02425, 0.02518, 32.24690
0.33519, 9.81383, -0.11253, -0.01092, 0.02092, 0.01399, 32.53443
0.31125, 9.81144, -0.11732, 0.01545, 0.02198, 0.01985, 32.58235
0.33040, 9.80905, -0.14844, 0.03344, 0.03291, 0.01585, 32.39066
0.32561, 9.82580, -0.10295, 0.02358, 0.02944, 0.02292, 32.39066
0.30167, 9.84256, -0.14126, 0.03477, 0.02771, 0.02038, 32.29482
0.29449, 9.81144, -0.12689, 0.01186, 0.02545, 0.02372, 32.24690
0.28252, 9.82341, -0.15323, 0.01958, 0.02465, 0.02145, 32.19897
0.31125, 9.81383, -0.14844, -0.00839, 0.02385, 0.01679, 32.24690
0.28730, 9.82820, -0.11253, -0.01319, 0.02904, 0.01679, 32.39066
0.34477, 9.79229, -0.06464, -0.00533, 0.01932, 0.01612, 32.24690
0.34237, 9.77792, -0.11971, 0.01199, 0.01905, 0.01919, 32.19897
0.33758, 9.80186, -0.16759, 0.00719, 0.02198, 0.01772, 32.10312
0.29688, 9.83778, -0.13408, 0.00360, 0.03091, 0.01439, 32.24690
0.30167, 9.84256, -0.16759, -0.01039, 0.02265, 0.01972, 32.39066
0.36871, 9.76834, -0.10534, 0.00506, 0.02971, 0.00933, 32.39066
0.31603, 9.75877, -0.12450, -0.01026, 0.02398, 0.01719, 32.24690
0.36152, 9.83299, -0.17478, -0.00293, 0.02292, 0.02118, 32.43858
0.31603, 9.83778, -0.11732, 0.00759, 0.02611, 0.02651, 32.43858
0.32322, 9.83299, -0.19154, 0.00333, 0.02292, 0.02065, 32.24690
0.28252, 9.79468, -0.15802, 0.00013, 0.02651, 0.02225, 32.39066
0.33279, 9.83299, -0.20590, -0.00213, 0.02758, 0.02278, 32.00728
0.31843, 9.83299, -0.14365, -0.01945, 0.02345, 0.00759, 32.24690
0.31603, 9.80905, -0.05746, 0.03730, 0.03104, 0.02718, 32.10312
0.30406, 9.80905, -0.14605, 0.00200, 0.02265, 0.01945, 32.24690
0.34477, 9.80905, -0.12450, -0.00573, 0.02944, 0.02065, 32.39066
0.36392, 9.80426, -0.12689, 0.00306, 0.02345, 0.01879, 32.39066
0.30885, 9.86172, -0.16759, -0.01705, 0.02651, 0.01386, 32.19897
0.35674, 9.84256, -0.18196, -0.01479, 0.02731, 0.01719, 32.24690
0.31843, 9.83059, -0.14844, -0.00560, 0.02278, 0.01692, 32.24690
0.34477, 9.78510, -0.08380, 0.00640, 0.02878, 0.01652, 32.10312
0.34237, 9.79229, -0.09337, 0.00893, 0.03357, 0.02292, 32.10312
0.32561, 9.80186, -0.12689, -0.00440, 0.01772, 0.01359, 32.24690
0.35674, 9.81383, -0.08859, 0.00426, 0.03091, 0.01919, 32.24690
0.33279, 9.81623, -0.17478, 0.01466, 0.02638, 0.02078, 32.24690
0.33519, 9.84017, -0.05507, 0.02758, 0.02718, 0.02372, 32.43858
0.29688, 9.84017, -0.12689, -0.02438, 0.02052, 0.01346, 32.29482
0.30885, 9.74440, -0.16041, -0.01252, 0.02864, 0.01719, 32.29482
0.30406, 9.82102, -0.12929, 0.00586, 0.02332, 0.01559, 32.39066
0.31843, 9.82341, -0.11013, -0.00746, 0.02505, 0.01386, 32.24690
0.30167, 9.84735, -0.17717, 0.01159, 0.02318, 0.02385, 32.24690
0.31843, 9.82102, -0.10534, 0.01346, 0.03198, 0.02278, 32.43858
0.27294, 9.81862, -0.11253, 0.00160, 0.02585, 0.01958, 32.43858
0.32561, 9.84017, -0.01915, 0.01119, 0.02971, 0.01945, 32.39066
0.35674, 9.84496, -0.18914, -0.01132, 0.02425, 0.01879, 32.39066
0.29209, 9.82820, -0.18435, -0.00866, 0.03078, 0.01892, 32.29482
0.30167, 9.81862, -0.12929, -0.00453, 0.02625, 0.01292, 32.19897
0.32082, 9.83538, -0.05267, -0.02185, 0.02172, 0.01439, 32.39066
0.33758, 9.79468, -0.04310, -0.01892, 0.01892, 0.01572, 32.24690
0.29928, 9.82820, 0.00000, 0.03504, 0.02411, 0.02718, 32.00728
0.30646, 9.85932, -0.07183, -0.00386, 0.02545, 0.01639, 32.43858
0.33040, 9.82580, -0.13886, 0.00266, 0.02771, 0.01652, 32.43858
0.29928, 9.82341, -0.07901, -0.00107, 0.02531, 0.01532, 32.39066
0.31843, 9.79707, -0.05507, 0.02198, 0.02811, 0.01812, 32.77404
0.31843, 9.84975, -0.15562, 0.02705, 0.02518, 0.02558, 32.39066
0.32322, 9.79229, -0.01437, 0.00426, 0.03491, 0.02092, 32.43858
0.37110, 9.84256, -0.09577, 0.00080, 0.03064, 0.02118, 32.19897
0.30885, 9.80905, -0.10295, 0.00373, 0.03291, 0.02118, 32.39066
0.29449, 9.80186, -0.11013, 0.00266, 0.02998, 0.01532, 32.29482
0.32801, 9.83059, -0.05507, 0.00679, 0.02971, 0.01439, 32.39066
0.28012, 9.85932, -0.10534, 0.00400, 0.02585, 0.02132, 32.39066
0.31603, 9.83059, -0.08619, 0.01732, 0.02851, 0.02198, 32.29482
0.30406, 9.79229, -0.12689, 0.01319, 0.03477, 0.03118, 32.24690
0.29928, 9.83299, -0.15323, 0.02678, 0.03464, 0.02718, 32.39066
0.32801, 9.80186, -0.11492, 0.00973, 0.03078, 0.02252, 32.58235
0.29209, 9.79947, -0.08380, -0.01772, 0.01825, 0.00679, 32.39066
0.29688, 9.79468, -0.11492, 0.00999, 0.02665, 0.02438, 32.10312
0.29928, 9.84496, -0.13647, -0.01945, 0.02558, 0.01319, 32.43858
0.33040, 9.78510, -0.12210, -0.00360, 0.02332, 0.01905, 32.29482
0.31364, 9.82341, -0.17478, -0.01825, 0.02345, 0.01399, 32.39066
0.31364, 9.77553, -0.11253, 0.01585, 0.02811, 0.02065, 32.58235
0.33040, 9.84975, -0.15323, -0.00320, 0.02611, 0.01252, 32.39066
0.32322, 9.81383, -0.12689, -0.00933, 0.02238, 0.01839, 32.43858
0.27773, 9.84256, -0.09577, 0.00999, 0.02651, 0.02292, 32.10312
0.33279, 9.84017, -0.09816, -0.00373, 0.02425, 0.01732, 32.24690
0.30646, 9.81144, -0.14844, -0.00586, 0.02238, 0.01532, 32.29482
0.32801, 9.83299, -0.13168, -0.02451, 0.01945, 0.01372, 32.58235
0.32561, 9.82580, -0.13168, 0.00293, 0.02998, 0.01892, 32.39066
0.32801, 9.81862, -0.07661, -0.01159, 0.02252, 0.01839, 32.24690
0.31125, 9.84017, -0.14605, 0.01625, 0.02691, 0.02025, 32.39066
0.28970, 9.80186, -0.16999, -0.00759, 0.02451, 0.01972, 32.39066
0.34955, 9.80186, -0.13886, 0.00986, 0.02931, 0.01492, 32.39066
0.28970, 9.84256, -0.11732, 0.01119, 0.02705, 0.02678, 32.39066
0.28491, 9.80905, -0.10056, 0.00533, 0.02705, 0.02012, 32.24690
0.32322, 9.81862, -0.17238, -0.00759, 0.02651, 0.01919, 32.10312
0.30646, 9.84735, -0.08619, 0.01519, 0.02625, 0.01972, 32.29482
0.31125, 9.78510, -0.11971, 0.00893, 0.02038, 0.02172, 32.29482
0.32561, 9.80905, -0.13886, -0.00799, 0.02931, 0.01466, 32.39066
0.31364, 9.82341, -0.06704, 0.01585, 0.03184, 0.02038, 32.29482
0.30406, 9.80665, -0.18196, -0.01559, 0.03024, 0.00959, 32.29482
0.26336, 9.81144, -0.13168, -0.00493, 0.02625, 0.01492, 32.39066
0.31364, 9.82341, -0.14365, 0.01013, 0.01958, 0.01998, 32.10312
0.32561, 9.84017, -0.09577, 0.00333, 0.02465, 0.01812, 31.91143
0.30646, 9.81623, -0.09577, 0.01239, 0.02105, 0.01945, 32.43858
0.30406, 9.82820, -0.12210, -0.00373, 0.02625, 0.01372, 32.43858
0.32561, 9.85693, -0.07661, -0.00200, 0.03051, 0.01439, 32.39066
0.33758, 9.81862, -0.04070, 0.01026, 0.02665, 0.01652, 32.29482
0.31364, 9.78989, -0.11253, -0.00386, 0.02385, 0.01719, 32.39066
0.30646, 9.84496, -0.10774, -0.00107, 0.02478, 0.01945, 32.29482
0.25139, 9.82820, -0.15562, 0.01372, 0.02411, 0.01759, 32.10312
0.32322, 9.81383, -0.16281, -0.01306, 0.02771, 0.02198, 32.39066
0.30885, 9.82341, -0.14605, 0.02012, 0.03104, 0.02012, 32.58235
0.34477, 9.82820, -0.10534, 0.02225, 0.02438, 0.02078, 32.43858
0.33040, 9.82102, -0.06943, -0.00187, 0.02265, 0.02105, 32.39066
0.34716, 9.84496, -0.08619, 0.00799, 0.02332, 0.02052, 32.10312
0.32801, 9.81623, -0.16999, 0.00000, 0.02505, 0.01519, 32.39066
0.36152, 9.83299, -0.12210, -0.01545, 0.02665, 0.01572, 32.24690
0.36392, 9.81862, -0.06704, 0.00706, 0.02771, 0.01612, 32.24690
0.32561, 9.84975, -0.09577, -0.00200, 0.02944, 0.01386, 32.43858
0.33758, 9.81862, -0.12929, 0.00453, 0.03011, 0.01692, 32.24690
0.30646, 9.85214, -0.13408, 0.01386, 0.02092, 0.01985, 32.39066
0.33040, 9.84256, -0.17478, 0.01426, 0.02745, 0.01852, 32.39066
0.27294, 9.81623, -0.15802, 0.00373, 0.02611, 0.02038, 32.39066
0.30885, 9.82102, -0.11492, 0.01679, 0.03477, 0.02278, 32.39066
0.32082, 9.80905, -0.21069, 0.00560, 0.02185, 0.02571, 32.39066
0.32082, 9.83059, -0.21069, -0.00706, 0.02944, 0.01652, 32.29482
0.30646, 9.75637, -0.07661, 0.00266, 0.02625, 0.01839, 32.39066
0.30646, 9.83778, -0.13886, -0.00546, 0.03064, 0.01932, 32.53443
0.33758, 9.79947, -0.14126, 0.00506, 0.02545, 0.02425, 32.43858
0.32322, 9.85693, -0.11971, 0.00306, 0.02651, 0.01506, 32.39066
0.31843, 9.80905, -0.11492, -0.01159, 0.02758, 0.01612, 32.39066
0.34237, 9.79468, -0.11013, 0.02212, 0.02571, 0.02811, 32.58235
0.30167, 9.85214, -0.17478, -0.00866, 0.02478, 0.01439, 32.43858
0.33758, 9.80665, -0.11971, 0.00027, 0.02731, 0.01599, 32.39066
0.33519, 9.77074, -0.16041, 0.01053, 0.02798, 0.01679, 32.39066
0.31364, 9.82102, -0.12450, -0.00240, 0.02105, 0.01652, 32.29482
0.31843, 9.82580, -0.14844, 0.00733, 0.02212, 0.01772, 32.43858
0.36631, 9.82341, -0.17957, 0.02465, 0.02585, 0.01905, 32.53443
0.35434, 9.83538, -0.13647, 0.00386, 0.02691, 0.01799, 32.43858
0.32082, 9.82102, -0.20590, -0.00746, 0.02705, 0.01599, 32.39066
0.33998, 9.79468, -0.15562, -0.00386, 0.02518, 0.01985, 32.43858
0.35674, 9.84735, -0.14844, 0.00386, 0.02545, 0.01532, 32.58235
0.33519, 9.78989, -0.14844, 0.00413, 0.02411, 0.02265, 32.39066
0.32082, 9.86411, -0.11492, 0.01692, 0.01852, 0.02172, 32.39066
0.30406, 9.84017, -0.16759, 0.01812, 0.02931, 0.01772, 32.53443
0.32801, 9.81144, -0.11971, 0.01053, 0.02931, 0.02172, 32.63028
0.33998, 9.80665, -0.18196, -0.00773, 0.02931, 0.01625, 32.24690
0.31364, 9.82820, -0.19154, 0.00027, 0.02811, 0.02105, 32.24690
0.34716, 9.80905, -0.19632, 0.00040, 0.03251, 0.01372, 32.58235
0.30885, 9.85214, -0.12450, 0.00440, 0.02212, 0.01958, 32.72612
0.33279, 9.81623, -0.19872, -0.00373, 0.03024, 0.01585, 32.58235
0.29688, 9.79468, -0.13647, 0.00200, 0.02611, 0.01932, 32.43858
0.30885, 9.82580, -0.16759, -0.01692, 0.02971, 0.01146, 32.72612
0.31603, 9.78271, -0.09577, 0.03424, 0.02598, 0.02638, 32.39066
0.36152, 9.84017, -0.16281, 0.00173, 0.02638, 0.01998, 32.58235
0.32561, 9.83538, -0.12929, 0.02491, 0.02931, 0.01759, 32.63028
0.27533, 9.78510, -0.17478, 0.00933, 0.03211, 0.02225, 32.58235
0.29688, 9.80665, -0.28012, 0.00626, 0.02638, 0.02558, 32.58235
0.34237, 9.78510, -0.25857, 0.00879, 0.03451, 0.01799, 32.39066
0.29209, 9.81144, -0.19632, -0.02318, 0.02225, 0.00679, 32.39066
0.31603, 9.78031, -0.11492, 0.00520, 0.01812, 0.02252, 32.39066
0.32801, 9.79229, -0.21308, -0.00040, 0.01412, 0.01879, 32.43858
0.35674, 9.83299, -0.20590, 0.00586, 0.02345, 0.01132, 32.43858
0.32561, 9.82580, -0.17717, 0.00413, 0.02132, 0.01252, 32.53443
0.33519, 9.82580, -0.20111, 0.00200, 0.02904, 0.01759, 32.43858
0.30406, 9.82102, -0.16520, 0.02132, 0.03331, 0.02811, 32.29482
0.32801, 9.83538, -0.09577, -0.01998, 0.02385, 0.00373, 32.53443
0.31603, 9.87848, -0.20351, -0.00147, 0.03997, 0.01466, 32.29482
0.28730, 9.81862, -0.10534, 0.00253, 0.03571, 0.01466, 32.63028
0.33040, 9.80426, -0.26576, -0.00506, 0.02691, 0.01199, 32.58235
0.35434, 9.83059, -0.20351, 0.00133, 0.02864, 0.01825, 32.39066
0.29209, 9.84975, -0.24181, 0.00346, 0.02745, 0.02958, 32.53443
0.33758, 9.80426, -0.14365, -0.01772, 0.02771, 0.01559, 32.63028
0.29928, 9.79947, -0.10774, 0.01439, 0.03158, 0.02385, 32.58235
0.28491, 9.80426, -0.23942, -0.01492, 0.02158, 0.01186, 32.39066
0.30406, 9.86890, -0.18914, 0.01199, 0.03411, 0.02438, 32.43858
0.33998, 9.80905, -0.20830, -0.00933, 0.02411, 0.01466, 32.58235
0.28730, 9.83778, -0.16281, 0.00759, 0.02158, 0.02145, 32.58235
0.32561, 9.82820, -0.12210, 0.01359, 0.02691, 0.01945, 32.58235
0.30406, 9.78271, -0.12210, 0.00706, 0.02531, 0.02065, 32.72612
0.29928, 9.79947, -0.16281, -0.00213, 0.01972, 0.01612, 32.39066
0.31364, 9.80665, -0.17717, -0.01359, 0.02718, 0.01692, 32.29482
0.28730, 9.81383, -0.17478, -0.00013, 0.02691, 0.02438, 32.72612
0.28252, 9.81862, -0.21069, -0.01039, 0.02358, 0.02105, 32.24690
0.29688, 9.82102, -0.22266, 0.00853, 0.03211, 0.02118, 32.43858
0.33040, 9.86651, -0.19154, 0.00506, 0.02425, 0.02065, 32.72612
0.31603, 9.78750, -0.16999, 0.00160, 0.02385, 0.01759, 32.39066
0.30167, 9.82102, -0.12450, 0.00906, 0.02771, 0.01825, 32.63028
0.30885, 9.82580, -0.20111, 0.00266, 0.02904, 0.02198, 32.43858
0.28012, 9.82341, -0.14605, 0.00679, 0.01919, 0.01665, 32.43858
0.28012, 9.81623, -0.13647, -0.00373, 0.03104, 0.01612, 32.39066
0.32082, 9.77553, -0.14844, -0.01119, 0.02465, 0.02252, 32.72612
0.29688, 9.83538, -0.23463, -0.00560, 0.02038, 0.02252, 32.43858
0.34477, 9.84017, -0.24421, -0.01625, 0.02451, 0.00986, 32.63028
0.31364, 9.80186, -0.21787, -0.01119, 0.01958, 0.01319, 32.58235
0.27294, 9.78750, -0.15802, 0.00706, 0.03038, 0.02105, 32.58235
0.30167, 9.84017, -0.14844, -0.01319, 0.03211, 0.01825, 32.72612
0.28970, 9.81623, -0.11492, 0.01545, 0.02891, 0.02332, 32.63028
0.31125, 9.84975, -0.11013, 0.02225, 0.03024, 0.02491, 32.19897
0.28491, 9.84256, -0.14126, 0.00027, 0.02825, 0.02092, 32.53443
0.25139, 9.81862, -0.22984, -0.00666, 0.02745, 0.02052, 32.58235
0.31843, 9.82820, -0.15802, -0.01652, 0.02172, 0.01585, 32.63028
0.32561, 9.82580, -0.13647, -0.00080, 0.02984, 0.01799, 32.39066
0.32322, 9.81144, -0.14126, 0.01079, 0.02345, 0.02012, 32.53443
0.31125, 9.80665, -0.18435, 0.00746, 0.02425, 0.01839, 32.72612
0.30167, 9.80186, -0.17478, 0.01625, 0.02984, 0.01905, 32.53443
0.32561, 9.82820, -0.20351, -0.00426, 0.02491, 0.01545, 32.58235
0.26576, 9.81862, -0.20111, 0.00067, 0.02638, 0.01772, 32.53443
0.29209, 9.78031, -0.22027, -0.01905, 0.02385, 0.00986, 32.77404
0.29209, 9.84735, -0.18675, -0.00067, 0.02465, 0.01506, 32.58235
0.30406, 9.81862, -0.11013, 0.00879, 0.02132, 0.01998, 32.58235
0.31603, 9.82341, -0.13886, 0.00067, 0.02491, 0.01772, 32.63028
0.29449, 9.79947, -0.17717, 0.00413, 0.02944, 0.02012, 32.43858
0.28730, 9.78510, -0.12210, 0.00213, 0.02745, 0.01452, 32.43858
0.33279, 9.78510, -0.18435, 0.00333, 0.02571, 0.01998, 32.72612
0.29688, 9.83538, -0.14844, -0.00413, 0.02505, 0.02238, 32.72612
0.29928, 9.80905, -0.20590, 0.01839, 0.02598, 0.02358, 32.91781
0.30646, 9.79707, -0.19393, 0.00946, 0.02705, 0.01879, 32.77404
0.30167, 9.79707, -0.17957, 0.00506, 0.02545, 0.02438, 32.63028
0.34955, 9.78031, -0.16041, -0.01013, 0.02598, 0.02038, 32.58235
0.31364, 9.79947, -0.13886, 0.01479, 0.02611, 0.02278, 32.77404
0.28970, 9.80426, -0.16759, 0.01945, 0.02372, 0.02292, 32.53443
0.29688, 9.83538, -0.18914, -0.00266, 0.01652, 0.01892, 32.43858
0.30885, 9.83778, -0.21069, -0.00027, 0.02785, 0.01599, 32.53443
0.32082, 9.77553, -0.20590, 0.00133, 0.01905, 0.01306, 32.63028
0.35195, 9.79947, -0.16041, 0.01825, 0.03850, 0.02172, 32.58235
0.31364, 9.81144, -0.18196, 0.00493, 0.02611, 0.01812, 32.58235
0.35434, 9.79947, -0.16999, 0.00426, 0.03264, 0.02278, 32.77404
0.30406, 9.80665, -0.26815, 0.01053, 0.02571, 0.01879, 32.72612
0.32801, 9.85932, -0.17717, -0.00333, 0.01932, 0.01519, 32.43858
0.34237, 9.79947, -0.13886, -0.00147, 0.02585, 0.01412, 32.53443
0.28012, 9.83059, -0.18196, 0.00440, 0.02358, 0.01785, 32.82197
0.35195, 9.82820, -0.18675, 0.00693, 0.02745, 0.01825, 32.77404
0.32322, 9.79707, -0.13408, 0.01119, 0.02065, 0.02278, 32.58235
0.32322, 9.83538, -0.20590, 0.00240, 0.02705, 0.02065, 32.63028
0.26815, 9.78510, -0.13408, 0.01146, 0.02358, 0.02385, 32.58235
0.28012, 9.82820, -0.23942, -0.00160, 0.02425, 0.01919, 32.82197
0.27054, 9.83299, -0.12689, 0.01359, 0.03104, 0.02198, 32.53443
0.33040, 9.82102, -0.19632, 0.00346, 0.02771, 0.01772, 32.63028
0.30406, 9.87129, -0.20111, -0.00147, 0.02505, 0.01519, 32.39066
0.25618, 9.82341, -0.14365, 0.00440, 0.02798, 0.01759, 32.72612
0.31843, 9.82580, -0.17717, 0.00160, 0.02984, 0.01932, 32.72612
0.30885, 9.80905, -0.22027, -0.00120, 0.02785, 0.01252, 32.58235
0.28730, 9.81144, -0.15083, 0.02158, 0.03144, 0.02598, 32.58235
0.28491, 9.79468, -0.14126, 0.00640, 0.02651, 0.01359, 32.53443
0.30167, 9.79947, -0.21308, -0.00866, 0.02278, 0.01146, 32.72612
0.29928, 9.80426, -0.13886, -0.00413, 0.02718, 0.01958, 32.82197
0.30167, 9.80905, -0.14605, -0.00013, 0.02571, 0.01745, 32.58235
0.28730, 9.86172, -0.13408, -0.00959, 0.03504, 0.01919, 32.72612
0.25379, 9.80905, -0.12929, 0.00093, 0.01799, 0.01692, 32.72612
0.27294, 9.82820, -0.18675, -0.01132, 0.03704, 0.01719, 32.77404
0.28730, 9.82580, -0.12450, 0.02145, 0.03317, 0.01892, 32.82197
0.33040, 9.85932, -0.11013, 0.02332, 0.03184, 0.02318, 32.72612
0.28012, 9.76355, -0.10774, 0.02292, 0.02878, 0.02571, 32.63028
0.31364, 9.82580, -0.17478, -0.00879, 0.01785, 0.01972, 32.43858
0.27533, 9.79229, -0.17957, 0.02411, 0.02811, 0.01865, 32.72612
0.29209, 9.81383, -0.20111, 0.00600, 0.02638, 0.01266, 32.72612
0.30646, 9.83538, -0.21069, 0.00280, 0.02731, 0.01346, 32.58235
0.36152, 9.84017, -0.22984, 0.01692, 0.03424, 0.02252, 32.72612
0.31843, 9.82580, -0.08859, 0.00173, 0.02785, 0.01532, 32.58235
0.28730, 9.85214, -0.21787, 0.00373, 0.02531, 0.01652, 32.72612
0.26815, 9.79947, -0.19154, -0.00973, 0.02811, 0.01745, 32.77404
0.25139, 9.82580, -0.16041, 0.01013, 0.02918, 0.01506, 32.72612
0.31843, 9.82102, -0.15802, 0.01399, 0.02931, 0.01639, 32.72612
0.33998, 9.84256, -0.18914, -0.01532, 0.02904, 0.01452, 32.63028
0.30885, 9.79707, -0.17717, 0.00480, 0.02358, 0.01492, 32.63028
0.29449, 9.87129, -0.12450, -0.00653, 0.02105, 0.01466, 32.63028
0.28491, 9.83538, -0.20111, -0.00573, 0.02571, 0.02185, 32.63028
0.26336, 9.77792, -0.18914, -0.00187, 0.02638, 0.01892, 32.77404
0.33040, 9.80905, -0.15562, 0.00453, 0.02345, 0.02238, 32.58235
0.32082, 9.82580, -0.16520, 0.00653, 0.02372, 0.02065, 32.82197
0.30167, 9.82102, -0.18675, -0.00466, 0.02185, 0.01332, 32.72612
0.31364, 9.83059, -0.17717, -0.00013, 0.02625, 0.02105, 32.77404
0.25618, 9.84735, -0.12450, 0.00946, 0.02345, 0.01785, 32.72612
0.31603, 9.85214, -0.12929, -0.00906, 0.02984, 0.02105, 32.82197
0.28730, 9.82820, -0.17957, 0.00346, 0.02825, 0.02025, 32.72612
0.31125, 9.83299, -0.15802, -0.00213, 0.03251, 0.01692, 32.77404
0.32322, 9.80905, -0.20111, 0.01252, 0.02358, 0.01998, 32.72612
0.33998, 9.82580, -0.18196, 0.00560, 0.02878, 0.01759, 32.72612
0.28012, 9.82820, -0.17238, -0.00187, 0.02665, 0.01186, 32.39066
0.27533, 9.82820, -0.15562, 0.00280, 0.03078, 0.02425, 32.72612
0.30167, 9.82341, -0.17238, 0.00546, 0.02478, 0.02065, 32.82197
0.32322, 9.82580, -0.11732, 0.00866, 0.02065, 0.02212, 32.82197
0.32082, 9.83059, -0.18196, 0.00160, 0.02745, 0.01226, 32.58235
0.30167, 9.80426, -0.17957, 0.01319, 0.02851, 0.02172, 32.72612
0.28012, 9.83059, -0.17238, -0.01239, 0.02531, 0.01639, 32.58235
0.28252, 9.85932, -0.18435, 0.00413, 0.02705, 0.01852, 32.72612
0.32561, 9.81144, -0.10774, 0.02651, 0.03104, 0.02825, 33.10950
0.30885, 9.84496, -0.09098, -0.01119, 0.02811, 0.01226, 32.72612
0.28491, 9.80426, -0.17238, 0.00187, 0.02065, 0.02358, 32.72612
0.28970, 9.84735, -0.13168, 0.00386, 0.02305, 0.01625, 32.72612
0.31125, 9.82820, -0.14844, -0.00080, 0.02864, 0.02092, 32.82197
0.30646, 9.81623, -0.14126, 0.00973, 0.02372, 0.01945, 32.91781
0.30167, 9.84496, -0.11732, -0.00320, 0.03224, 0.01332, 32.72612
0.29449, 9.80905, -0.12450, 0.00919, 0.03251, 0.01732, 32.72612
0.31603, 9.82341, -0.18435, 0.00959, 0.02958, 0.01985, 32.58235
0.27294, 9.80426, -0.17957, 0.01013, 0.03384, 0.01905, 33.10950
0.30167, 9.80665, -0.12929, 0.01692, 0.02731, 0.02145, 32.72612
0.29209, 9.80186, -0.18675, -0.00506, 0.02878, 0.02078, 32.72612
0.22984, 9.85932, -0.16520, 0.00173, 0.02878, 0.01532, 32.72612
0.30167, 9.83059, -0.18435, 0.00693, 0.02838, 0.02052, 32.96574
0.26576, 9.81383, -0.14365, 0.00946, 0.02451, 0.02771, 32.91781
0.31843, 9.80905, -0.13408, -0.00986, 0.02478, 0.01719, 32.63028
0.31125, 9.82580, -0.19872, -0.00759, 0.02278, 0.01266, 32.91781
0.40701, 9.78750, -0.15802, -0.00693, 0.02944, 0.01745, 32.77404
0.26576, 9.84017, -0.10774, 0.01026, 0.03264, 0.02611, 32.72612
0.25618, 9.81623, -0.11971, 0.01639, 0.02598, 0.02052, 32.72612
0.28252, 9.82341, -0.07661, 0.02425, 0.03397, 0.02038, 32.77404
0.30406, 9.81862, -0.19154, 0.01186, 0.02691, 0.02318, 32.58235
0.28252, 9.84975, -0.16520, 0.00799, 0.02785, 0.02212, 32.72612
0.31125, 9.79947, -0.17238, 0.00986, 0.03118, 0.02038, 32.82197
0.31364, 9.80186, -0.12929, -0.00280, 0.02838, 0.02118, 32.82197
0.31843, 9.83778, -0.20830, 0.00266, 0.01945, 0.02332, 32.63028
0.33519, 9.82580, -0.17717, -0.01172, 0.02878, 0.01785, 32.91781
0.29928, 9.86651, -0.13408, -0.01412, 0.02531, 0.01705, 32.72612
0.30406, 9.84975, -0.15802, 0.00999, 0.02598, 0.02012, 32.77404
0.27533, 9.80905, -0.15323, 0.00546, 0.02318, 0.01732, 32.91781
0.27054, 9.80426, -0.15802, 0.01146, 0.02332, 0.01985, 32.91781
0.31125, 9.81383, -0.14365, 0.01919, 0.02411, 0.02278, 32.91781
0.31603, 9.78750, -0.17478, -0.00679, 0.02345, 0.02118, 32.91781
0.29209, 9.80905, -0.18435, -0.00866, 0.03517, 0.01879, 32.72612
0.30646, 9.80905, -0.24900, -0.00013, 0.02798, 0.01812, 32.91781
0.29209, 9.83538, -0.15562, -0.00386, 0.02465, 0.01825, 32.77404
0.27294, 9.83538, -0.12689, 0.01519, 0.03557, 0.02118, 32.72612
0.28252, 9.82102, -0.21548, 0.00933, 0.03118, 0.01612, 33.06158
0.26336, 9.82580, -0.19393, -0.00360, 0.01972, 0.02092, 32.91781
0.29209, 9.81862, -0.19154, -0.01199, 0.01905, 0.01719, 32.72612
0.27294, 9.81623, -0.22027, -0.02132, 0.02398, 0.01745, 32.72612
0.29449, 9.78510, -0.18196, 0.00386, 0.02998, 0.01919, 32.82197
0.31125, 9.86411, -0.17957, -0.00373, 0.02025, 0.01479, 32.96574
0.30406, 9.83778, -0.22266, 0.00679, 0.02718, 0.02158, 32.82197
0.30167, 9.82341, -0.22027, 0.00613, 0.02571, 0.02678, 32.91781
0.31843, 9.79707, -0.19632, -0.00413, 0.03024, 0.01745, 32.96574
0.31603, 9.81623, -0.15083, -0.00653, 0.02825, 0.01186, 32.91781
0.28730, 9.83299, -0.19154, -0.00693, 0.01705, 0.01639, 32.72612
0.31603, 9.83059, -0.22266, 0.00506, 0.02265, 0.01559, 32.91781
0.28970, 9.78989, -0.15562, 0.00693, 0.03171, 0.02238, 32.72612
0.31843, 9.79468, -0.22505, 0.00493, 0.02705, 0.01865, 32.91781
0.27773, 9.82820, -0.16041, 0.00946, 0.02891, 0.02172, 32.63028
0.33040, 9.80426, -0.19632, 0.01812, 0.03331, 0.02145, 32.72612
0.23942, 9.79707, -0.15802, -0.00080, 0.02292, 0.01612, 32.91781
0.30406, 9.81862, -0.12450, -0.00466, 0.02651, 0.01279, 32.96574
0.30167, 9.81862, -0.14605, -0.01386, 0.02358, 0.01306, 33.06158
0.31125, 9.82102, -0.14126, 0.01132, 0.02811, 0.02305, 32.91781
0.31843, 9.78510, -0.12689, 0.01439, 0.03131, 0.02038, 32.82197
0.30646, 9.80665, -0.16999, -0.00160, 0.02691, 0.01799, 32.82197
0.33040, 9.84017, -0.24900, 0.00266, 0.02651, 0.01506, 32.91781
0.26576, 9.82820, -0.16281, 0.01359, 0.02491, 0.01879, 32.91781
0.29449, 9.82580, -0.12210, 0.00893, 0.02212, 0.02158, 32.77404
0.28012, 9.81623, -0.16041, -0.00133, 0.02838, 0.01559, 32.96574
0.28970, 9.87369, -0.18435, 0.00640, 0.03104, 0.02212, 32.96574
0.31125, 9.83299, -0.17238, 0.01532, 0.02798, 0.02212, 32.91781
0.28730, 9.81623, -0.18196, -0.01759, 0.02398, 0.01705, 32.96574
0.30646, 9.82580, -0.21548, -0.00213, 0.03104, 0.02491, 32.91781
0.29688, 9.83538, -0.19393, 0.01172, 0.02918, 0.02438, 32.77404
0.29449, 9.78271, -0.14365, -0.01292, 0.02705, 0.01092, 32.82197
0.28491, 9.86411, -0.22745, 0.00933, 0.02878, 0.01545, 32.72612
0.32322, 9.79707, -0.24900, 0.00733, 0.02012, 0.01772, 32.72612
0.29209, 9.81383, -0.19154, 0.00426, 0.02731, 0.01639, 32.96574
0.32561, 9.79468, -0.16041, 0.00120, 0.02225, 0.01972, 32.91781
0.23942, 9.80426, -0.24181, 0.01292, 0.02385, 0.01665, 32.91781
0.31843, 9.81383, -0.20590, 0.01399, 0.02491, 0.01919, 32.72612
0.32561, 9.82102, -0.22266, -0.00320, 0.03211, 0.01759, 33.10950
0.29688, 9.78271, -0.28012, 0.00386, 0.02798, 0.01412, 32.96574
0.26576, 9.83059, -0.24900, 0.01226, 0.03810, 0.01639, 32.77404
0.31125, 9.83059, -0.23942, -0.00266, 0.02478, 0.01545, 32.82197
